Graph 1:
K=21
32 --> 6 7 8 0 1 2 
33 --> 6 7 8 0 1 
34 --> 7 8 0 6 35 36 37 38 39 40 43 42 41 46 45 44 47 
35 --> 34 8 0 7 36 37 38 39 40 43 42 41 46 45 44 47 1 
36 --> 34 35 0 8 37 38 39 40 43 42 41 46 45 44 47 1 6 
37 --> 34 35 36 0 38 39 40 43 42 41 46 45 44 47 1 6 7 
38 --> 34 35 36 37 
39 --> 34 35 36 37 40 43 42 41 
40 --> 34 35 36 37 39 
41 --> 34 35 36 37 39 
42 --> 34 35 36 37 39 
43 --> 34 35 36 37 39 
44 --> 34 35 36 37 
45 --> 34 35 36 37 
46 --> 34 35 36 37 
47 --> 35 36 37 34 1 6 7 8 
3<->32 2<->33 1<->34 6<->35 7<->36 8<->37 0<->38 34<->1 35<->6 36<->7 37<->8 47<->0 
Graph 2:
K=21
32 --> 0 1 2 3 5 6 7 8 
Graph 3:
K=21
32 --> 8 7 6 0 1 2 
33 --> 8 7 6 0 1 
34 --> 8 7 0 6 35 36 37 38 39 40 41 
35 --> 8 34 0 7 36 37 38 39 40 41 
36 --> 35 34 0 8 37 38 39 40 41 
37 --> 36 35 34 0 38 39 40 41 
38 --> 35 34 37 36 39 40 41 42 43 45 44 
39 --> 38 34 37 36 35 40 41 42 43 
40 --> 38 39 37 36 35 34 41 42 43 45 44 48 47 46 3 
41 --> 38 39 40 37 36 35 34 
42 --> 38 39 40 43 45 44 48 47 46 3 2 
43 --> 38 42 40 39 45 44 48 47 46 
44 --> 43 42 40 38 48 47 46 3 2 6 
45 --> 38 43 42 40 
46 --> 44 42 40 43 3 2 6 7 
47 --> 44 43 42 40 
48 --> 44 43 42 40 
3<->32 2<->33 1<->34 6<->35 7<->36 8<->37 0<->38 43<->3 40<->2 42<->6 44<->7 46<->8 